%YAML:1.0
---
extrinsicTlc: !!opencv-matrix
   rows: 4
   cols: 4
   dt: d
   data: [ 1.4286635351625185e-01, 3.6329512371929495e-01,
       9.2065512441671205e-01, 1.5827615121584515e-01,
       -9.6129652892237161e-01, 2.7234095920508189e-01,
       4.1705939877382893e-02, 3.2805154846659433e-02,
       -2.3558053509313814e-01, -8.9098095098662922e-01,
       3.8814270116053012e-01, -1.0265187348780682e+00, 0., 0., 0., 1. ]
RollPitchYaw: !!opencv-matrix
   rows: 3
   cols: 1
   dt: d
   data: [ -1.1599521313341765e+00, 2.3781587242954699e-01,
       -1.4232578488342835e+00 ]
txtytz: !!opencv-matrix
   rows: 3
   cols: 1
   dt: d
   data: [ 1.5827615121584515e-01, 3.2805154846659433e-02,
       -1.0265187348780682e+00 ]
